./result_cl_orig.txt
mAP:58.925000000000004
rank1:60.1
rank5:81.76249999999999
rank10:75.2125
rank20:81.76249999999999
./result_cl_orig.txt
mAP:58.925000000000004
rank1:60.1
rank5:69.57499999999999
rank10:75.2125
rank20:81.76249999999999
